  4880.0     12.0    145.0    979.0     -3.0     -4.0      0.0
163436.0     17.0    141.0   1001.0      0.0      0.0     -2.0
269108.0      6.0    150.0    995.0     -1.0      2.0      0.0
374840.0      7.0    146.0    991.0     -1.0     -1.0     -2.0
480572.0      3.0    144.0   1005.0     -1.0     -3.0     -1.0
586308.0      9.0    139.0   1002.0     -2.0     -2.0     -1.0
692028.0     12.0    145.0    982.0     -2.0      1.0     -1.0
797712.0      6.0    143.0   1001.0     -2.0     -1.0      0.0
903456.0     12.0    141.0    983.0     -2.0     -6.0     -1.0
1025420.0      5.0    151.0    997.0      0.0     -5.0     -1.0
1131168.0      5.0    150.0   1000.0     -1.0     -4.0     -2.0
1236936.0     21.0    135.0   1003.0     -2.0     -2.0     -2.0
1342660.0     15.0    154.0    984.0      0.0     -3.0     -1.0
1448416.0     11.0    140.0    988.0     -2.0      1.0      1.0
1554128.0     23.0    152.0    995.0      0.0     -7.0     -2.0
1659888.0     27.0    152.0    994.0     -2.0     -2.0     -2.0
1781728.0     13.0    144.0   1006.0      1.0      7.0     -1.0
1887448.0     12.0    157.0    990.0     -2.0     -4.0      0.0
1993244.0     28.0    159.0    997.0     -2.0     -3.0     -2.0
2098988.0     23.0    157.0    973.0     -2.0     -1.0     -1.0
2204764.0     22.0    155.0   1002.0     -3.0      2.0     -2.0
2310536.0     28.0    145.0    990.0     -2.0     -9.0      1.0
2416288.0     33.0    141.0    991.0     -1.0      7.0     -5.0
2522040.0      5.0    168.0   1002.0     -2.0     -5.0     -1.0
2643980.0     27.0    144.0   1009.0     -1.0     -1.0     -1.0
2749760.0      7.0    155.0    998.0     -2.0     -2.0     -2.0
2855512.0     10.0    156.0    997.0     -1.0      2.0      2.0
2961220.0     20.0    154.0   1000.0     -2.0     -4.0      0.0
3066984.0     31.0    152.0    986.0     -4.0     12.0     -2.0
3172756.0     17.0    155.0    997.0     -2.0     -2.0      1.0
3278496.0     14.0    144.0   1006.0     -3.0      1.0     -1.0
3384256.0      6.0    170.0    994.0      1.0      2.0      2.0
3506292.0     20.0    154.0    988.0      6.0      0.0      8.0
3611968.0      3.0    171.0   1001.0      3.0      0.0      0.0
3717696.0      8.0    187.0    982.0      1.0      1.0     -1.0
3823472.0     -1.0    195.0    988.0     -3.0     -2.0     -2.0
3929248.0     23.0    169.0   1009.0     -4.0      2.0     -3.0
4034972.0      0.0    183.0    985.0     -5.0      5.0     -6.0
4140728.0    -24.0    196.0    983.0     -1.0      1.0      7.0
4246496.0    -12.0    158.0    979.0     -3.0     -5.0     12.0
4368584.0     11.0    189.0   1004.0     -2.0     -2.0      8.0
4474380.0      6.0    186.0    997.0      6.0      6.0     26.0
4580144.0     -6.0    186.0    965.0      2.0     -4.0     41.0
4685896.0     63.0    210.0    983.0      9.0      5.0     50.0
4791628.0     34.0    204.0    958.0      0.0      3.0     46.0
4897368.0     84.0    213.0    962.0      0.0      7.0     51.0
5003132.0     57.0    231.0   1004.0     -4.0     26.0     55.0
5108900.0      5.0    189.0    989.0     -5.0      6.0     60.0
5230956.0      1.0    186.0    964.0     -1.0     20.0     45.0
5336736.0     11.0    177.0    967.0      2.0      9.0     69.0
5442508.0    -50.0    205.0    958.0      2.0     28.0     55.0
5548264.0     17.0    220.0   1053.0     -4.0     16.0     50.0
5654052.0    -97.0    194.0    958.0     -3.0     -3.0     68.0
5759836.0    182.0    233.0   1079.0    -14.0    -10.0     98.0
5865600.0    -11.0    129.0    956.0      8.0     -2.0     24.0
5971376.0     56.0    191.0   1015.0    -10.0     -8.0     44.0
6093508.0     66.0    152.0   1002.0    -22.0     20.0     43.0
6199276.0     62.0    121.0   1016.0    -17.0      6.0     20.0
6305052.0     58.0     68.0   1006.0     -1.0     -9.0     -9.0
6410816.0     33.0     76.0    948.0      7.0    -16.0     -9.0
6516560.0     61.0    107.0    942.0      5.0    -12.0     -5.0
6622280.0     32.0    100.0   1014.0      0.0     11.0      4.0
6728052.0     28.0    119.0   1010.0      3.0     11.0     -3.0
6833820.0     41.0    135.0   1015.0    -16.0     -2.0     -1.0
6955840.0     25.0     98.0   1006.0     -3.0      1.0     -8.0
7061600.0      4.0     79.0    972.0      8.0      1.0    -18.0
7167316.0     -4.0    131.0   1032.0     -3.0      2.0      0.0
7273084.0     28.0     93.0   1005.0     -2.0      3.0      3.0
7378796.0     17.0    101.0   1014.0     -2.0      1.0      0.0
7484572.0     31.0    113.0   1000.0     -2.0     -7.0     -2.0
7590308.0     18.0     85.0   1019.0      0.0     -7.0     -4.0
7696040.0     14.0    124.0   1006.0      1.0      1.0     -1.0
7818692.0      8.0    110.0   1017.0     -2.0      2.0     -8.0
7924444.0     30.0    124.0   1008.0     -9.0     -5.0     -1.0
8030104.0     50.0    114.0   1010.0     -4.0      0.0      0.0
8135844.0     30.0    111.0    999.0     -7.0     -5.0      1.0
8241504.0     54.0    104.0    995.0      0.0      0.0      1.0
8347220.0     51.0    106.0   1016.0     -5.0     -4.0      0.0
8452928.0     61.0    104.0   1000.0     -4.0     -2.0      0.0
8574376.0     61.0     95.0    981.0     -2.0      0.0      0.0
8680068.0     52.0    101.0   1000.0     -2.0      0.0     -1.0
8785820.0     43.0     92.0    987.0     -2.0     -2.0     -1.0
8891556.0     42.0     83.0    995.0     -3.0     -5.0      0.0
8997316.0     56.0    114.0   1009.0     -1.0     -2.0     -2.0
9103072.0     47.0     82.0   1009.0     -1.0     -3.0     -1.0
9208764.0     59.0     94.0    998.0     -1.0      0.0     -1.0
9314464.0     57.0     92.0   1003.0     -1.0      0.0      2.0
9436052.0     50.0     98.0    995.0      0.0     -6.0     -1.0
9541780.0     58.0    100.0   1009.0     -1.0     -3.0     -1.0
9647508.0     52.0     92.0   1004.0     -1.0      2.0     -1.0
9753232.0     62.0    101.0   1001.0     -1.0      3.0     -1.0
9858988.0     41.0    110.0   1008.0      1.0      5.0     -2.0
9964720.0     50.0    105.0   1010.0      0.0      6.0     -2.0
10070428.0     42.0    110.0   1003.0     -1.0     -1.0      0.0
10176748.0     58.0    117.0    993.0      0.0     -2.0     -1.0
10298876.0     41.0    107.0   1007.0     -4.0     -7.0      0.0
10405296.0     52.0    102.0   1003.0     -3.0    -14.0      2.0
10511688.0    117.0    118.0   1006.0     -1.0    -23.0     -1.0
10618068.0    137.0    109.0    964.0     -9.0    -42.0      2.0
10724468.0    247.0     88.0    967.0     -3.0    -58.0      1.0
10831052.0    323.0    109.0    980.0     -1.0    -75.0      4.0
10937444.0    476.0     82.0    880.0      1.0    -90.0      6.0
11043840.0    589.0     63.0    774.0     -5.0    -91.0      1.0
11166068.0    708.0     87.0    646.0      3.0    -92.0      5.0
11272456.0    826.0     74.0    507.0     -5.0    -97.0      2.0
11378856.0    981.0    106.0    362.0      5.0    -89.0     -3.0
11485228.0    968.0     59.0    205.0      0.0    -95.0      4.0
11591636.0    966.0     59.0      4.0     -2.0    -90.0    -18.0
11698036.0    940.0     75.0   -153.0     -5.0    -61.0     -6.0
11804444.0    955.0     69.0   -175.0      8.0      3.0      2.0
11910864.0    939.0     86.0   -170.0     -2.0     14.0      3.0
12033060.0    991.0     84.0   -131.0     -3.0      2.0     -1.0
12139464.0    946.0     71.0   -127.0     -3.0      6.0     -2.0
12245852.0    985.0     85.0   -124.0     -3.0     -1.0     -1.0
12352264.0    953.0     75.0   -118.0     -2.0      3.0     -2.0
12458672.0    965.0     78.0   -104.0     -2.0      2.0     -1.0
12565016.0    965.0     86.0   -109.0     -2.0      1.0      0.0
12671400.0    984.0     92.0   -100.0     -1.0     -1.0     -2.0
12793512.0    953.0     86.0   -112.0     -1.0      0.0     -2.0
12899896.0    979.0     81.0    -92.0     -2.0     -1.0     -1.0
13006268.0    960.0     87.0    -99.0     -2.0      0.0     -2.0
13112616.0    955.0     88.0   -113.0     -3.0      0.0     -2.0
13218988.0    957.0     76.0   -103.0     -3.0     -1.0     -1.0
13325384.0    974.0     84.0   -105.0     -3.0     -2.0     -1.0
13431772.0    959.0     86.0   -100.0     -4.0     -4.0     -1.0
13538192.0    961.0     76.0   -108.0     -2.0      1.0     -2.0
13660208.0    961.0     88.0    -98.0      0.0     -4.0      0.0
13766584.0    970.0     89.0   -117.0     -2.0     -1.0     -1.0
13872980.0    955.0     84.0   -105.0     -3.0     -4.0     -1.0
13979368.0    959.0     88.0   -115.0     -1.0     -1.0     -1.0
14085748.0    960.0     79.0   -116.0     -2.0     -2.0      0.0
14192144.0    958.0     91.0   -109.0     -2.0     -1.0     -1.0
14298484.0    959.0     84.0   -118.0     -2.0      0.0     -1.0
14404860.0    959.0     86.0   -123.0     -2.0     -1.0     -1.0
14527376.0    974.0     96.0   -122.0     -2.0     -1.0      0.0
14633768.0    959.0     89.0   -113.0     -2.0     -1.0     -1.0
14740112.0    973.0     88.0   -113.0     -2.0      0.0     -1.0
14846468.0    968.0     87.0   -120.0     -1.0      1.0     -1.0
14952776.0    963.0     89.0   -110.0     -1.0      0.0      0.0
15059108.0    960.0     90.0   -125.0     -1.0      0.0     -2.0
15165472.0    972.0     88.0   -115.0     -2.0     -2.0      0.0
15271808.0    973.0     84.0   -113.0     -1.0     -1.0      0.0
15394136.0    953.0     87.0   -111.0     -1.0      1.0     -1.0
15500488.0    965.0     78.0   -117.0     -3.0     -1.0      0.0
15606872.0    971.0     92.0   -111.0     -1.0     -1.0     -1.0
15713204.0    954.0     85.0   -127.0     -3.0      0.0     -1.0
15819568.0    979.0     82.0   -108.0     -2.0      0.0     -2.0
15925912.0    953.0     92.0   -126.0     -1.0      0.0     -1.0
16032248.0    976.0     95.0   -113.0     -2.0      0.0     -1.0
16154696.0    968.0     87.0   -110.0     -2.0     -2.0     -1.0
16261088.0    958.0     88.0   -114.0     -2.0     -2.0     -1.0
16367476.0    959.0     84.0   -117.0     -1.0     -1.0     -1.0
16473848.0    968.0     93.0   -153.0     -1.0     -1.0     -1.0
16580224.0    966.0     88.0   -125.0     -2.0     -2.0      0.0
16686584.0    967.0     92.0   -117.0     -2.0     -2.0      0.0
16792928.0    957.0     97.0   -122.0     -1.0      0.0     -1.0
16899312.0    974.0     95.0   -109.0     -1.0     -2.0     -1.0
17021724.0    969.0     85.0   -118.0     -2.0     -1.0     -1.0
17128120.0    973.0     87.0   -100.0     -1.0     -2.0     -2.0
17234500.0    947.0     89.0   -130.0     -2.0     -2.0     -1.0
17340868.0    971.0     89.0   -105.0     -1.0      1.0     -1.0
17447228.0    961.0     87.0   -119.0     -2.0     -1.0      0.0
17553592.0    966.0     90.0   -107.0     -1.0      1.0     -1.0
17659980.0    958.0    102.0   -107.0     -1.0     -2.0     -1.0
17766316.0    967.0     90.0   -113.0     -2.0      0.0     -1.0
17888692.0    968.0     85.0   -114.0     -3.0      0.0      0.0
17995096.0    959.0     90.0   -104.0     -2.0      1.0     -1.0
18101488.0    967.0     92.0   -106.0     -2.0      1.0     -1.0
18207836.0    974.0     90.0   -105.0     -3.0      1.0      0.0
18314184.0    964.0     93.0   -105.0     -2.0     -4.0      0.0
18420524.0    962.0     93.0   -111.0     -2.0      0.0     -1.0
18526872.0    967.0     92.0   -108.0     -1.0      0.0     -1.0
18633220.0    971.0     87.0    -97.0     -2.0      0.0     -1.0
18755692.0    962.0     96.0   -106.0     -1.0      0.0     -1.0
18862068.0    970.0     89.0   -102.0     -2.0     -1.0     -1.0
18968460.0    965.0     95.0   -105.0     -2.0     -1.0     -1.0
19074820.0    963.0     93.0   -108.0     -2.0      0.0     -1.0
19181208.0    978.0     89.0   -101.0     -1.0     -2.0     -1.0
19287540.0    961.0     91.0   -104.0     -1.0      0.0     -2.0
19393932.0    957.0     95.0    -95.0     -2.0     -1.0     -1.0
19516380.0    965.0     89.0   -105.0     -2.0     -1.0     -1.0
19622728.0    968.0     93.0    -92.0      0.0      0.0     -2.0
19729088.0    967.0     94.0   -118.0     -3.0     -4.0      0.0
19835488.0    976.0     98.0   -106.0     -2.0      1.0     -1.0
19941912.0    959.0     91.0   -109.0     -2.0     -2.0     -2.0
